35 595
18 24
3 26
26 16
9 24
20 4
14 33
4 3
3 8
17 24
17 29
15 21
21 34
22 17
35 5
32 29
29 18
21 30
30 11
1 10
9 29
15 34
25 3
18 1
22 13
23 7
24 30
5 18
12 29
12 9
8 14
22 18
6 13
17 11
17 2
20 34
3 19
28 30
6 32
12 24
32 10
23 4
11 16
29 10
7 6
4 31
9 14
16 35
33 8
30 18
29 31
30 33
2 16
26 17
19 1
10 21
9 16
9 17
14 31
24 23
11 20
3 27
27 25
25 17
31 21
16 12
2 26
20 27
3 24
21 25
27 24
20 24
3 30
31 11
15 33
26 4
19 18
26 24
5 9
19 29
33 21
4 6
1 12
5 23
22 9
28 26
6 20
25 19
28 10
26 25
2 20
33 17
25 23
18 33
13 29
35 32
31 32
15 1
8 32
1 9
25 34
34 29
25 7
13 1
15 12
11 19
1 3
10 12
7 29
9 7
23 33
10 11
16 14
26 23
31 9
34 24
14 35
4 32
14 10
25 20
1 27
26 8
19 4
22 10
17 1
18 23
7 28
13 4
9 28
4 34
34 13
9 35
9 8
11 26
4 15
7 27
14 11
6 9
27 12
23 22
2 22
30 10
7 14
34 19
5 27
16 7
22 3
27 33
8 2
18 11
19 14
33 6
6 22
27 26
13 20
30 14
5 12
28 27
9 10
28 2
6 26
34 12
16 25
12 31
25 9
25 28
9 30
26 22
17 34
29 14
13 2
14 24
5 20
28 29
33 4
4 14
30 32
33 19
12 11
5 16
1 22
26 19
21 13
27 11
24 10
18 13
17 19
12 3
35 6
2 9
24 28
6 25
15 6
14 3
12 30
14 23
7 24
15 27
21 18
22 15
2 27
35 33
20 16
13 25
8 28
21 12
13 16
30 22
35 21
15 31
7 18
28 20
17 16
22 19
23 11
5 14
26 15
2 18
5 32
21 26
3 10
34 6
29 15
10 27
7 35
17 32
15 11
20 21
27 29
14 22
22 33
10 19
2 29
8 12
34 26
32 11
35 2
31 20
34 32
12 17
7 30
19 30
24 2
9 18
31 25
26 9
32 27
35 12
28 5
23 20
35 11
16 19
2 21
13 12
6 5
12 23
34 5
17 10
30 13
2 23
7 2
27 34
34 2
6 2
6 3
34 9
31 24
5 15
12 14
4 24
19 13
20 22
27 6
7 10
5 13
5 25
4 25
1 30
20 33
32 28
32 18
34 1
29 33
34 33
31 1
29 11
2 11
22 32
27 18
20 1
23 16
4 10
23 30
19 5
33 5
14 15
4 30
30 15
4 21
18 14
20 7
3 15
17 30
8 5
20 35
35 8
4 9
20 12
21 7
26 1
1 25
4 29
14 20
8 7
28 11
16 28
22 31
11 25
14 28
15 18
31 23
28 4
31 10
13 31
4 22
6 16
27 21
24 11
17 14
28 23
13 8
17 28
35 17
18 4
14 26
7 1
25 15
32 12
10 16
23 29
5 21
11 34
3 33
15 10
1 2
29 21
14 25
15 2
10 23
15 28
3 34
7 32
26 31
9 32
27 13
32 23
30 16
17 6
23 9
31 27
1 28
6 28
33 16
27 35
12 26
21 16
19 12
7 26
35 15
24 21
6 10
25 30
28 35
25 33
7 3
17 27
27 30
3 29
30 5
16 34
28 34
31 34
31 2
29 8
24 22
25 32
24 5
17 5
6 8
29 22
17 20
8 10
26 20
21 11
6 19
12 7
27 4
25 35
34 7
18 10
1 11
2 32
23 3
20 8
24 1
21 8
30 2
18 35
4 2
35 13
8 25
30 26
35 29
34 18
19 27
11 8
5 7
21 9
19 7
33 31
8 1
3 2
12 33
11 6
6 1
18 16
2 25
8 22
21 6
33 13
28 12
33 11
29 1
10 25
16 32
6 18
13 11
3 31
16 29
23 17
19 32
22 21
17 4
15 17
5 26
26 33
23 6
13 26
13 32
4 11
28 19
21 32
13 17
2 19
28 22
8 16
27 9
21 28
21 23
22 35
15 8
34 10
9 33
22 5
27 14
2 33
4 7
30 20
32 1
5 3
18 28
18 25
19 15
24 13
15 20
33 32
2 5
27 8
30 29
3 13
9 3
7 11
21 14
15 32
3 16
35 23
8 31
21 1
31 5
32 3
32 24
34 22
9 11
35 1
31 35
19 8
8 23
31 17
26 32
12 4
10 20
21 17
2 10
3 17
18 17
23 13
12 6
29 5
33 28
7 15
31 28
33 1
34 8
15 24
16 22
4 16
5 11
13 14
19 23
19 31
13 10
20 19
31 18
27 16
10 33
13 28
6 30
15 9
24 8
11 3
13 9
12 22
12 2
14 34
31 30
24 25
6 29
34 30
13 15
14 6
5 10
10 35
18 12
25 22
16 1
4 35
4 8
14 2
20 9
16 24
15 16
35 19
5 4
29 20
26 29
24 19
32 20
21 19
11 22
32 14
7 33
4 1
7 22
3 21
17 8
31 6
20 3
10 26
3 28
20 18
6 24
31 16
1 5
27 22
25 29
15 23
35 26
13 7
14 1
23 27
31 7
34 35
35 3
24 29
8 18
26 18
19 9
35 24
30 8
34 23
1 23
24 33
35 30
25 12
17 7
3 18

